0 0.915369 0.459843 0.169261 0.542166
0 0.585600 0.251005 0.172548 0.405620
0 0.432901 0.233940 0.173919 0.399592
0 0.408935 0.628516 0.191724 0.742967
0 0.070942 0.567268 0.141884 0.813250
0 0.189127 0.295181 0.143801 0.457834
0 0.309647 0.335345 0.152013 0.381523
1 0.164481 0.683736 0.173929 0.632527
1 0.295953 0.752009 0.187623 0.491962
1 0.521237 0.722889 0.199946 0.554223
1 0.671879 0.705824 0.180782 0.580314
1 0.864979 0.750000 0.251991 0.500000
1 0.623945 0.381531 0.167077 0.385542
1 0.797190 0.542166 0.168448 0.485934
0 0.770482 0.252009 0.183512 0.423705
