1 0.602842 0.061974 0.042550 0.123948
1 0.604642 0.506017 0.057300 0.241442
1 0.557037 0.394858 0.032858 0.114728
1 0.581471 0.462991 0.041292 0.203191
1 0.486258 0.865957 0.110383 0.268085
1 0.365342 0.931690 0.089317 0.136619
1 0.348071 0.881489 0.123858 0.237021
1 0.287825 0.766749 0.091000 0.466501
1 0.284879 0.704409 0.090158 0.470898
1 0.464350 0.533499 0.071617 0.296407
1 0.348071 0.821726 0.105325 0.356548
1 0.338383 0.195272 0.028650 0.112340
1 0.319000 0.251442 0.028650 0.138629
1 0.285296 0.331513 0.057292 0.284444
1 0.503950 0.454622 0.068250 0.320307
0 0.695242 0.303310 0.074167 0.275934
0 0.900104 0.151655 0.055925 0.303310
0 0.970625 0.144752 0.041333 0.289504
0 0.986529 0.148203 0.026942 0.296407
1 0.947012 0.867222 0.105975 0.265556
1 0.661808 0.625792 0.114283 0.465626
1 0.704363 0.577518 0.082675 0.458723
1 0.789471 0.739610 0.153192 0.520780
1 0.786429 0.587849 0.120358 0.534610
1 0.846004 0.748227 0.083892 0.503546
1 0.698283 0.182589 0.068083 0.248345
1 0.752383 0.418853 0.044983 0.217281
1 0.641750 0.141206 0.049850 0.193144
0 0.062850 0.772730 0.124700 0.454539
0 0.071450 0.496454 0.142900 0.523499
0 0.021733 0.373357 0.043467 0.344208
0 0.027462 0.263392 0.052242 0.243806
0 0.034625 0.149846 0.066567 0.298794
0 0.055267 0.061407 0.023600 0.121915
0 0.078437 0.234716 0.063192 0.282057
0 0.127312 0.482116 0.090158 0.772080
0 0.087708 0.112801 0.069933 0.215154
0 0.139525 0.081501 0.072467 0.163002
0 0.188821 0.143877 0.061508 0.224681
0 0.225475 0.136702 0.045500 0.205556
0 0.191767 0.057813 0.033700 0.109953
0 0.195558 0.559988 0.130600 0.880024
0 0.211146 0.941064 0.069092 0.117116
0 0.226313 0.540674 0.070775 0.731466
0 0.278975 0.103239 0.064883 0.205579
0 0.367450 0.289693 0.105333 0.334657
0 0.363658 0.465378 0.091000 0.466123
0 0.307625 0.549043 0.112067 0.437423
0 0.418850 0.253842 0.068250 0.358558
0 0.418004 0.595650 0.101958 0.348983
0 0.487100 0.301643 0.080050 0.286832
0 0.485413 0.185709 0.074992 0.255768
0 0.514487 0.147459 0.052242 0.212742
0 0.548188 0.693652 0.116275 0.607163
0 0.612225 0.742849 0.131450 0.514303
0 0.458871 0.076714 0.048875 0.153428
0 0.526283 0.070969 0.043817 0.141040
1 0.239375 0.227541 0.049717 0.210355
1 0.230108 0.086501 0.051400 0.172104
1 0.280242 0.217979 0.065717 0.219929
1 0.294567 0.163002 0.042133 0.176879
1 0.314367 0.054232 0.046350 0.107565
1 0.329954 0.128333 0.032025 0.160165
1 0.356917 0.092482 0.028650 0.150591
1 0.384300 0.069551 0.034550 0.139102
1 0.399467 0.092482 0.036233 0.131489
1 0.421800 0.048038 0.032017 0.096076
1 0.554929 0.114007 0.050558 0.212742
1 0.554087 0.257423 0.062358 0.227092
1 0.597062 0.240686 0.067408 0.327470
1 0.621071 0.239480 0.046342 0.258156
1 0.638771 0.197660 0.046342 0.198392
1 0.644246 0.559799 0.065725 0.329858
